50
1 21 15
1 22 22
1 19 47
1 35 34
1 15 18
1 48 1
1 18 25
1 36 34
1 41 8
1 33 50
1 30 24
1 43 48
1 50 36
1 23 41
1 44 6
1 40 17
1 26 37
1 4 11
1 3 21
1 8 5
1 38 34
1 27 48
1 6 28
1 29 29
1 20 21
2 28 49
2 21 14
2 22 11
2 34 17
2 18 24
2 33 43
2 12 36
2 4 14
2 9 13
2 19 46
2 49 11
2 27 10
2 24 4
2 38 5
2 8 32
2 30 47
2 45 43
2 31 13
2 10 6
2 48 5
2 17 35
2 32 43
2 39 22
2 14 9
2 50 23
3 1 21
3 35 6
3 12 41
3 31 22
3 24 4
3 21 1
3 43 3
3 13 5
3 8 10
3 9 26
3 45 18
3 37 41
3 11 27
3 15 24
3 38 16
3 49 22
3 10 14
3 33 37
3 5 34
3 7 28
3 19 32
3 20 29
3 42 47
3 25 9
3 6 11
4 1 11
4 2 14
4 16 40
4 18 41
4 27 33
4 39 50
4 6 1
4 13 8
4 33 49
4 12 18
4 8 20
4 48 20
4 29 40
4 19 21
4 36 43
4 31 43
4 5 34
4 44 1
4 22 36
4 21 41
4 41 35
4 26 34
4 45 43
4 42 14
4 43 43
5 3 34
5 4 34
5 31 23
5 35 36
5 9 45
5 45 3
5 46 35
5 23 38
5 26 8
5 36 3
5 43 49
5 47 37
5 41 50
5 13 7
5 40 5
5 49 23
5 29 33
5 8 39
5 27 38
5 48 21
5 6 15
5 33 33
5 24 20
5 37 16
5 18 35
6 1 28
6 3 11
6 4 1
6 5 15
6 50 25
6 37 11
6 43 43
6 9 15
6 24 42
6 22 12
6 20 11
6 11 41
6 48 17
6 40 32
6 18 7
6 26 2
6 12 25
6 29 16
6 28 17
6 27 20
6 35 34
6 7 50
6 17 11
6 21 18
6 36 44
7 3 28
7 6 50
7 38 47
7 20 18
7 13 47
7 35 41
7 18 46
7 25 1
7 32 3
7 9 31
7 26 43
7 41 48
7 12 27
7 46 14
7 36 32
7 31 21
7 48 1
7 39 12
7 47 25
7 15 20
7 29 17
7 33 26
7 34 3
7 28 24
7 50 41
8 1 5
8 2 32
8 3 10
8 4 20
8 5 39
8 36 11
8 47 50
8 48 30
8 29 50
8 50 29
8 40 14
8 27 14
8 17 41
8 35 45
8 10 37
8 22 10
8 39 1
8 41 36
8 26 1
8 32 27
8 13 29
8 15 30
8 9 4
8 45 35
8 20 12
9 2 13
9 3 26
9 5 45
9 6 15
9 7 31
9 8 4
9 28 6
9 37 43
9 35 23
9 16 46
9 11 16
9 33 50
9 18 27
9 14 33
9 39 28
9 15 47
9 34 9
9 31 5
9 20 8
9 10 28
9 46 2
9 19 11
9 30 36
9 43 32
9 44 13
10 2 6
10 3 14
10 8 37
10 9 28
10 14 13
10 29 47
10 11 50
10 42 20
10 32 46
10 41 40
10 20 37
10 33 5
10 27 46
10 34 15
10 38 15
10 25 11
10 15 39
10 24 44
10 35 27
10 46 26
10 45 17
10 40 7
10 48 46
10 49 46
10 47 17
11 3 27
11 6 41
11 9 16
11 10 50
11 18 14
11 41 9
11 19 12
11 36 44
11 45 11
11 42 39
11 48 49
11 26 32
11 30 2
11 43 35
11 50 11
11 15 15
11 44 23
11 12 34
11 47 10
11 37 9
11 29 47
11 25 7
11 20 22
11 31 25
11 21 45
12 2 36
12 3 41
12 4 18
12 6 25
12 7 27
12 11 34
12 46 9
12 37 49
12 14 45
12 31 22
12 48 8
12 29 30
12 30 8
12 23 26
12 41 27
12 36 7
12 47 24
12 38 2
12 34 11
12 49 43
12 20 1
12 22 1
12 32 7
12 39 29
12 13 2
13 3 5
13 4 8
13 5 7
13 7 47
13 8 29
13 12 2
13 34 19
13 24 46
13 15 12
13 33 23
13 30 12
13 45 31
13 29 38
13 27 29
13 37 42
13 35 26
13 16 40
13 49 9
13 36 40
13 47 13
13 44 43
13 21 40
13 50 7
13 38 43
13 42 15
14 2 9
14 9 33
14 10 13
14 12 45
14 25 9
14 15 5
14 32 20
14 17 19
14 50 14
14 19 50
14 21 2
14 28 12
14 30 29
14 37 18
14 34 30
14 40 38
14 48 4
14 46 31
14 35 12
14 44 27
14 43 33
14 47 12
14 26 42
14 45 45
14 18 36
15 1 18
15 3 24
15 7 20
15 8 30
15 9 47
15 10 39
15 11 15
15 13 12
15 14 5
15 34 9
15 33 38
15 16 14
15 18 15
15 49 31
15 31 42
15 36 39
15 24 32
15 43 10
15 46 26
15 25 7
15 22 3
15 42 40
15 45 7
15 39 12
15 21 39
16 4 40
16 9 46
16 13 40
16 15 14
16 42 3
16 30 49
16 19 17
16 39 43
16 43 35
16 36 47
16 25 7
16 49 7
16 48 5
16 45 11
16 33 41
16 37 22
16 50 5
16 40 40
16 47 40
16 35 33
16 23 44
16 20 43
16 27 8
16 26 14
16 28 10
17 2 35
17 6 11
17 8 41
17 14 19
17 31 46
17 33 32
17 23 21
17 47 14
17 30 15
17 29 25
17 49 45
17 45 19
17 48 18
17 40 20
17 44 10
17 21 29
17 32 49
17 43 39
17 28 7
17 19 5
17 20 49
17 38 21
17 27 4
17 41 22
17 39 27
18 1 25
18 2 24
18 4 41
18 5 35
18 6 7
18 7 46
18 9 27
18 11 14
18 14 36
18 15 15
18 37 17
18 27 42
18 28 29
18 23 10
18 50 5
18 24 18
18 33 39
18 38 27
18 31 45
18 40 2
18 43 43
18 45 7
18 44 50
18 49 37
18 29 27
19 1 47
19 2 46
19 3 32
19 4 21
19 9 11
19 11 12
19 14 50
19 16 17
19 17 5
19 38 3
19 27 39
19 50 9
19 32 47
19 29 21
19 25 9
19 40 7
19 36 16
19 35 8
19 47 15
19 34 6
19 43 49
19 22 10
19 44 26
19 28 11
19 37 21
20 1 21
20 3 29
20 6 11
20 7 18
20 8 12
20 9 8
20 10 37
20 11 22
20 12 1
20 16 43
20 17 49
20 48 44
20 29 25
20 44 10
20 37 10
20 36 47
20 31 46
20 47 14
20 43 25
20 24 7
20 45 4
20 35 40
20 50 44
20 38 5
20 27 49
21 1 15
21 2 14
21 3 1
21 4 41
21 6 18
21 11 45
21 13 40
21 14 2
21 15 39
21 17 29
21 28 1
21 40 47
21 46 12
21 27 31
21 33 3
21 47 12
21 22 41
21 35 49
21 49 38
21 25 25
21 43 5
21 29 15
21 26 28
21 31 26
21 41 11
22 1 22
22 2 11
22 4 36
22 6 12
22 8 10
22 12 1
22 15 3
22 19 10
22 21 41
22 45 1
22 24 43
22 41 39
22 47 20
22 50 13
22 44 26
22 49 2
22 38 33
22 25 30
22 34 37
22 35 37
22 31 10
22 26 2
22 36 15
22 40 15
22 37 3
23 1 41
23 5 38
23 12 26
23 16 44
23 17 21
23 18 10
23 27 33
23 28 31
23 38 5
23 34 22
23 43 45
23 26 6
23 39 1
23 48 24
23 44 43
23 29 3
23 32 45
23 49 19
23 41 38
23 30 31
23 37 30
23 25 10
23 35 24
23 36 30
23 46 16
24 2 4
24 3 4
24 5 20
24 6 42
24 10 44
24 13 46
24 15 32
24 18 18
24 20 7
24 22 43
24 33 39
24 43 48
24 37 32
24 39 27
24 38 18
24 35 50
24 41 21
24 28 2
24 47 33
24 45 49
24 48 3
24 42 37
24 29 39
24 34 46
24 50 48
25 3 9
25 7 1
25 10 11
25 11 7
25 14 9
25 15 7
25 16 7
25 19 9
25 21 25
25 22 30
25 23 10
25 34 3
25 39 1
25 43 6
25 36 42
25 46 39
25 40 34
25 37 8
25 27 3
25 42 1
25 41 9
25 48 42
25 26 42
25 30 45
25 28 1
26 1 37
26 4 34
26 5 8
26 6 2
26 7 43
26 8 1
26 11 32
26 14 42
26 16 14
26 21 28
26 22 2
26 23 6
26 25 42
26 41 31
26 31 39
26 32 22
26 50 30
26 47 5
26 34 13
26 29 38
26 46 47
26 30 7
26 39 30
26 38 1
26 36 33
27 1 48
27 2 10
27 4 33
27 5 38
27 6 20
27 8 14
27 10 46
27 13 29
27 16 8
27 17 4
27 18 42
27 19 39
27 20 49
27 21 31
27 23 33
27 25 3
27 36 8
27 32 8
27 50 37
27 30 40
27 28 8
27 31 27
27 47 6
27 40 7
27 29 48
28 2 49
28 6 17
28 7 24
28 9 6
28 14 12
28 16 10
28 17 7
28 18 29
28 19 11
28 21 1
28 23 31
28 24 2
28 25 1
28 27 8
28 48 31
28 30 12
28 32 34
28 42 45
28 29 27
28 35 23
28 31 26
28 45 35
28 50 10
28 36 38
28 46 44
29 1 29
29 4 40
29 5 33
29 6 16
29 7 17
29 8 50
29 10 47
29 11 47
29 12 30
29 13 38
29 17 25
29 18 27
29 19 21
29 20 25
29 21 15
29 23 3
29 24 39
29 26 38
29 27 48
29 28 27
29 48 44
29 44 23
29 31 18
29 47 49
29 42 9
30 1 24
30 2 47
30 9 36
30 11 2
30 12 8
30 13 12
30 14 29
30 16 49
30 17 15
30 23 31
30 25 45
30 26 7
30 27 40
30 28 12
30 40 44
30 38 41
30 42 47
30 39 43
30 33 1
30 32 29
30 41 20
30 48 14
30 37 17
30 46 1
30 36 15
31 2 13
31 3 22
31 4 43
31 5 23
31 7 21
31 9 5
31 11 25
31 12 22
31 15 42
31 17 46
31 18 45
31 20 46
31 21 26
31 22 10
31 26 39
31 27 27
31 28 26
31 29 18
31 39 28
31 38 47
31 46 5
31 44 26
31 36 47
31 50 6
31 49 4
32 2 43
32 7 3
32 8 27
32 10 46
32 12 7
32 14 20
32 17 49
32 19 47
32 23 45
32 26 22
32 27 8
32 28 34
32 30 29
32 40 40
32 42 28
32 41 16
32 34 43
32 47 21
32 45 24
32 39 46
32 50 8
32 48 17
32 49 41
32 38 19
32 44 19
33 1 50
33 2 43
33 3 37
33 4 49
33 5 33
33 7 26
33 9 50
33 10 5
33 13 23
33 15 38
33 16 41
33 17 32
33 18 39
33 21 3
33 24 39
33 30 1
33 37 27
33 45 21
33 40 47
33 47 25
33 36 41
33 48 43
33 44 26
33 34 1
33 38 5
34 2 17
34 7 3
34 9 9
34 10 15
34 12 11
34 13 19
34 14 30
34 15 9
34 19 6
34 22 37
34 23 22
34 24 46
34 25 3
34 26 13
34 32 43
34 33 1
34 48 3
34 44 27
34 49 38
34 50 9
34 37 15
34 41 21
34 42 8
34 40 40
34 43 40
35 1 34
35 3 6
35 5 36
35 6 34
35 7 41
35 8 45
35 9 23
35 10 27
35 13 26
35 14 12
35 16 33
35 19 8
35 20 40
35 21 49
35 22 37
35 23 24
35 24 50
35 28 23
35 47 5
35 40 35
35 50 6
35 41 48
35 43 34
35 39 8
35 42 25
36 1 34
36 4 43
36 5 3
36 6 44
36 7 32
36 8 11
36 11 44
36 12 7
36 13 40
36 15 39
36 16 47
36 19 16
36 20 47
36 22 15
36 23 30
36 25 42
36 26 33
36 27 8
36 28 38
36 30 15
36 31 47
36 33 41
36 47 31
36 38 44
36 37 16
37 3 41
37 5 16
37 6 11
37 9 43
37 11 9
37 12 49
37 13 42
37 14 18
37 16 22
37 18 17
37 19 21
37 20 10
37 22 3
37 23 30
37 24 32
37 25 8
37 30 17
37 33 27
37 34 15
37 36 16
37 40 47
37 47 48
37 45 47
37 43 30
37 50 7
38 1 34
38 2 5
38 3 16
38 7 47
38 10 15
38 12 2
38 13 43
38 17 21
38 18 27
38 19 3
38 20 5
38 22 33
38 23 5
38 24 18
38 26 1
38 30 41
38 31 47
38 32 19
38 33 5
38 36 44
38 47 17
38 50 1
38 39 48
38 41 35
38 43 15
39 2 22
39 4 50
39 7 12
39 8 1
39 9 28
39 12 29
39 15 12
39 16 43
39 17 27
39 23 1
39 24 27
39 25 1
39 26 30
39 30 43
39 31 28
39 32 46
39 35 8
39 38 48
39 41 42
39 48 26
39 40 11
39 43 11
39 50 31
39 49 22
39 42 35
40 1 17
40 5 5
40 6 32
40 8 14
40 10 7
40 14 38
40 16 40
40 17 20
40 18 2
40 19 7
40 21 47
40 22 15
40 25 34
40 27 7
40 30 44
40 32 40
40 33 47
40 34 40
40 35 35
40 37 47
40 39 11
40 42 22
40 47 27
40 46 37
40 43 24
41 1 8
41 4 35
41 5 50
41 7 48
41 8 36
41 10 40
41 11 9
41 12 27
41 17 22
41 21 11
41 22 39
41 23 38
41 24 21
41 25 9
41 26 31
41 30 20
41 32 16
41 34 21
41 35 48
41 38 35
41 39 42
41 49 16
41 46 23
41 44 5
41 42 39
42 3 47
42 4 14
42 10 20
42 11 39
42 13 15
42 15 40
42 16 3
42 24 37
42 25 1
42 28 45
42 29 9
42 30 47
42 32 28
42 34 8
42 35 25
42 39 35
42 40 22
42 41 39
42 48 26
42 49 3
42 46 25
42 44 8
42 50 19
42 43 25
42 45 47
43 1 48
43 3 3
43 4 43
43 5 49
43 6 43
43 9 32
43 11 35
43 14 33
43 15 10
43 16 35
43 17 39
43 18 43
43 19 49
43 20 25
43 21 5
43 23 45
43 24 48
43 25 6
43 34 40
43 35 34
43 37 30
43 38 15
43 39 11
43 40 24
43 42 25
44 1 6
44 4 1
44 9 13
44 11 23
44 13 43
44 14 27
44 17 10
44 18 50
44 19 26
44 20 10
44 22 26
44 23 43
44 29 23
44 31 26
44 32 19
44 33 26
44 34 27
44 41 5
44 42 8
44 46 3
44 45 9
44 49 20
45 2 43
45 3 18
45 4 43
45 5 3
45 8 35
45 10 17
45 11 11
45 13 31
45 14 45
45 15 7
45 16 11
45 17 19
45 18 7
45 20 4
45 22 1
45 24 49
45 28 35
45 32 24
45 33 21
45 37 47
45 42 47
45 44 9
45 46 41
45 49 39
46 5 35
46 7 14
46 9 2
46 10 26
46 12 9
46 14 31
46 15 26
46 21 12
46 23 16
46 25 39
46 26 47
46 28 44
46 30 1
46 31 5
46 40 37
46 41 23
46 42 25
46 44 3
46 45 41
46 49 28
47 5 37
47 7 25
47 8 50
47 10 17
47 11 10
47 12 24
47 13 13
47 14 12
47 16 40
47 17 14
47 19 15
47 20 14
47 21 12
47 22 20
47 24 33
47 26 5
47 27 6
47 29 49
47 32 21
47 33 25
47 35 5
47 36 31
47 37 48
47 38 17
47 40 27
48 1 1
48 2 5
48 4 20
48 5 21
48 6 17
48 7 1
48 8 30
48 10 46
48 11 49
48 12 8
48 14 4
48 16 5
48 17 18
48 20 44
48 23 24
48 24 3
48 25 42
48 28 31
48 29 44
48 30 14
48 32 17
48 33 43
48 34 3
48 39 26
48 42 26
49 2 11
49 3 22
49 5 23
49 10 46
49 12 43
49 13 9
49 15 31
49 16 7
49 17 45
49 18 37
49 21 38
49 22 2
49 23 19
49 31 4
49 32 41
49 34 38
49 39 22
49 41 16
49 42 3
49 44 20
49 45 39
49 46 28
50 1 36
50 2 23
50 6 25
50 7 41
50 8 29
50 11 11
50 13 7
50 14 14
50 16 5
50 18 5
50 19 9
50 20 44
50 22 13
50 24 48
50 26 30
50 27 37
50 28 10
50 31 6
50 32 8
50 34 9
50 35 6
50 37 7
50 38 1
50 39 31
50 42 19
