50
1 7 11
1 50 38
1 6 10
1 18 19
1 46 34
1 24 9
1 38 40
1 34 8
1 29 8
1 15 22
2 30 1
2 10 19
2 39 26
2 25 34
2 8 32
2 44 9
2 21 50
2 18 40
2 20 14
2 23 45
3 24 48
3 32 13
3 33 41
3 43 42
3 8 16
3 22 8
3 25 42
3 48 2
3 38 41
3 5 31
4 49 26
4 32 17
4 17 3
4 40 47
4 5 39
4 31 19
4 22 21
4 13 13
4 30 28
4 36 37
5 3 31
5 4 39
5 27 34
5 8 10
5 45 50
5 12 28
5 37 11
5 19 6
5 14 50
5 6 35
6 1 10
6 5 35
6 42 26
6 15 40
6 19 44
6 33 23
6 18 31
6 44 25
6 27 44
6 37 4
7 1 11
7 44 25
7 15 14
7 30 28
7 13 26
7 39 20
7 11 33
7 45 18
7 47 36
7 38 42
8 2 32
8 3 16
8 5 10
8 44 24
8 29 26
8 42 11
8 19 18
8 37 14
8 41 9
8 31 5
9 22 12
9 34 36
9 40 24
9 19 4
9 36 7
9 46 40
9 50 21
9 18 27
9 14 28
9 47 32
10 2 19
10 16 11
10 37 6
10 21 19
10 12 43
10 33 47
10 30 22
10 35 23
10 28 35
10 41 34
11 7 33
11 23 49
11 31 14
11 48 1
11 24 15
11 25 33
11 36 33
11 44 49
11 37 41
11 29 10
12 5 28
12 10 43
12 13 13
12 34 42
12 49 24
12 25 23
12 23 5
12 36 22
12 16 48
12 22 27
13 4 13
13 7 26
13 12 13
13 20 19
13 34 8
13 29 7
13 48 21
13 35 9
13 49 42
13 27 49
14 5 50
14 9 28
14 16 3
14 22 40
14 17 25
14 40 1
14 29 10
14 32 15
14 39 40
14 27 18
15 1 22
15 6 40
15 7 14
15 48 24
15 38 32
15 33 23
15 32 26
15 30 41
15 45 32
15 21 34
16 10 11
16 12 48
16 14 3
16 33 32
16 38 16
16 47 26
16 23 43
16 48 33
16 35 32
16 46 50
17 4 3
17 14 25
17 48 34
17 27 5
17 28 10
17 38 33
17 33 22
17 36 37
17 31 41
17 34 15
18 1 19
18 2 40
18 6 31
18 9 27
18 27 17
18 21 43
18 26 29
18 40 26
18 41 37
18 19 44
19 5 6
19 6 44
19 8 18
19 9 4
19 18 44
19 38 29
19 33 22
19 39 26
19 21 38
19 23 34
20 2 14
20 13 19
20 48 28
20 27 20
20 22 2
20 50 11
20 29 40
20 49 39
20 44 28
20 41 27
21 2 50
21 10 19
21 15 34
21 18 43
21 19 38
21 50 3
21 32 38
21 28 50
21 42 36
21 49 35
22 3 8
22 4 21
22 9 12
22 12 27
22 14 40
22 20 2
22 46 27
22 29 5
22 44 29
22 48 6
23 2 45
23 11 49
23 12 5
23 16 43
23 19 34
23 25 46
23 26 48
23 34 13
23 28 33
23 44 35
24 1 9
24 3 48
24 11 15
24 40 35
24 36 8
24 42 17
24 33 50
24 41 14
24 38 38
24 29 22
25 2 34
25 3 42
25 11 33
25 12 23
25 23 46
25 31 38
25 41 42
25 34 2
25 39 18
25 40 33
26 18 29
26 23 48
26 30 42
26 39 20
26 37 21
26 45 11
26 50 15
26 27 37
26 34 40
26 36 3
27 5 34
27 6 44
27 13 49
27 14 18
27 17 5
27 18 17
27 20 20
27 26 37
27 44 41
27 40 10
28 10 35
28 17 10
28 21 50
28 23 33
28 32 24
28 36 49
28 46 28
28 34 49
28 50 6
28 44 19
29 1 8
29 8 26
29 11 10
29 13 7
29 14 10
29 20 40
29 22 5
29 24 22
29 34 24
29 37 22
30 2 1
30 4 28
30 7 28
30 10 22
30 15 41
30 26 42
30 41 46
30 32 12
30 43 25
30 40 45
31 4 19
31 8 5
31 11 14
31 17 41
31 25 38
31 39 2
31 32 26
31 43 30
31 38 23
31 48 47
32 3 13
32 4 17
32 14 15
32 15 26
32 21 38
32 28 24
32 30 12
32 31 26
32 42 4
32 36 49
33 3 41
33 6 23
33 10 47
33 15 23
33 16 32
33 17 22
33 19 22
33 24 50
33 49 11
33 42 3
34 1 8
34 9 36
34 12 42
34 13 8
34 17 15
34 23 13
34 25 2
34 26 40
34 28 49
34 29 24
35 10 23
35 13 9
35 16 32
35 40 41
35 39 8
35 41 14
35 42 39
35 46 50
35 37 20
35 38 30
36 4 37
36 9 7
36 11 33
36 12 22
36 17 37
36 24 8
36 26 3
36 28 49
36 32 49
36 45 50
37 5 11
37 6 4
37 8 14
37 10 6
37 11 41
37 26 21
37 29 22
37 35 20
37 50 2
37 40 15
38 1 40
38 3 41
38 7 42
38 15 32
38 16 16
38 17 33
38 19 29
38 24 38
38 31 23
38 35 30
39 2 26
39 7 20
39 14 40
39 19 26
39 25 18
39 26 20
39 31 2
39 35 8
39 43 31
39 50 16
40 4 47
40 9 24
40 14 1
40 18 26
40 24 35
40 25 33
40 27 10
40 30 45
40 35 41
40 37 15
41 8 9
41 10 34
41 18 37
41 20 27
41 24 14
41 25 42
41 30 46
41 35 14
41 43 5
41 45 25
42 6 26
42 8 11
42 21 36
42 24 17
42 32 4
42 33 3
42 35 39
42 50 35
42 43 22
42 48 1
43 3 42
43 30 25
43 31 30
43 39 31
43 41 5
43 42 22
43 46 33
43 50 2
43 49 45
43 45 5
44 2 9
44 6 25
44 7 25
44 8 24
44 11 49
44 20 28
44 22 29
44 23 35
44 27 41
44 28 19
45 5 50
45 7 18
45 15 32
45 26 11
45 36 50
45 41 25
45 43 5
45 46 46
45 47 25
45 49 41
46 1 34
46 9 40
46 16 50
46 22 27
46 28 28
46 35 50
46 43 33
46 45 46
46 47 34
46 49 8
47 7 36
47 9 32
47 16 26
47 45 25
47 46 34
47 49 44
48 3 2
48 11 1
48 13 21
48 15 24
48 16 33
48 17 34
48 20 28
48 22 6
48 31 47
48 42 1
49 4 26
49 12 24
49 13 42
49 20 39
49 21 35
49 33 11
49 43 45
49 45 41
49 46 8
49 47 44
50 1 38
50 9 21
50 20 11
50 21 3
50 26 15
50 28 6
50 37 2
50 39 16
50 42 35
50 43 2
