50
1 34 37
1 28 16
1 44 36
1 37 43
1 50 22
2 13 28
2 41 10
2 14 27
2 27 23
2 37 12
3 19 18
3 30 33
3 31 13
3 24 18
3 36 30
4 23 9
4 20 18
4 44 7
4 12 43
4 30 24
5 22 20
5 35 38
5 49 25
5 16 21
5 14 27
6 42 31
6 7 24
6 13 21
6 47 32
6 26 35
7 6 24
7 28 37
7 47 30
7 14 8
7 25 46
8 33 46
8 15 18
8 35 15
8 44 1
8 38 9
9 27 29
9 39 35
9 50 33
9 11 27
9 19 40
10 13 27
10 37 45
10 40 46
10 21 35
10 29 18
11 9 27
11 48 3
11 18 43
11 31 37
11 42 16
12 4 43
12 40 45
12 20 41
12 30 32
12 18 48
13 2 28
13 6 21
13 10 27
13 22 32
13 26 10
14 2 27
14 5 27
14 7 8
14 28 18
14 48 4
15 8 18
15 37 16
15 34 20
15 25 29
15 22 33
16 5 21
16 30 4
16 20 21
16 19 9
16 41 50
17 47 24
17 19 46
17 22 6
17 30 39
17 29 42
18 11 43
18 12 48
18 44 1
18 35 15
18 25 15
19 3 18
19 9 40
19 16 9
19 17 46
19 38 7
20 4 18
20 12 41
20 16 21
20 44 42
20 28 16
21 10 35
21 37 33
21 38 29
21 26 8
21 25 22
22 5 20
22 13 32
22 15 33
22 17 6
22 46 30
23 4 9
23 38 36
23 29 44
23 27 5
23 39 7
24 3 18
24 41 5
24 29 39
24 47 25
24 34 41
25 7 46
25 15 29
25 18 15
25 21 22
25 50 23
26 6 35
26 13 10
26 21 8
26 45 41
26 40 5
27 2 23
27 9 29
27 23 5
27 33 43
27 48 8
28 1 16
28 7 37
28 14 18
28 20 16
28 49 12
29 10 18
29 17 42
29 23 44
29 24 39
29 50 44
30 3 33
30 4 24
30 12 32
30 16 4
30 17 39
31 3 13
31 11 37
31 47 19
31 41 23
31 45 27
32 33 9
32 38 13
32 50 30
32 34 45
32 41 46
33 8 46
33 27 43
33 32 9
33 35 41
33 43 37
34 1 37
34 15 20
34 24 41
34 32 45
34 46 7
35 5 38
35 8 15
35 18 15
35 33 41
35 49 23
36 3 30
36 43 38
36 40 12
36 49 14
36 45 5
37 1 43
37 2 12
37 10 45
37 15 16
37 21 33
38 8 9
38 19 7
38 21 29
38 23 36
38 32 13
39 9 35
39 23 7
39 43 30
39 45 3
39 40 23
40 10 46
40 12 45
40 26 5
40 36 12
40 39 23
41 2 10
41 16 50
41 24 5
41 31 23
41 32 46
42 6 31
42 11 16
42 49 37
42 48 50
42 43 37
43 33 37
43 36 38
43 39 30
43 42 37
43 45 48
44 1 36
44 4 7
44 8 1
44 18 1
44 20 42
45 26 41
45 31 27
45 36 5
45 39 3
45 43 48
46 22 30
46 34 7
46 48 39
47 6 32
47 7 30
47 17 24
47 24 25
47 31 19
48 11 3
48 14 4
48 27 8
48 42 50
48 46 39
49 5 25
49 28 12
49 35 23
49 36 14
49 42 37
50 1 22
50 9 33
50 25 23
50 29 44
50 32 30
