UTILIZACAO DE CPU - MEDIA: 6.56333333333
24.0 25.0 22.0 24.0 28.0 23.9 25.0 30.0 31.0 50.9 31.0 9.0 7.0 8.0 6.0 1.0 6.0 4.0 4.0 2.0 0.0 0.0 1.0 0.0 0.0 5.0 1.0 0.0 0.0 0.0 0.0 0.0 18.0 0.0 0.0 0.0 0.0 0.0 0.0 0.0 1.0 2.0 0.0 0.0 1.0 0.0 0.0 0.0 0.0 0.0 1.0 1.0 0.0 0.0 0.0 0.0 0.0 0.0 1.0 0.0 

UTILIZACAO DE MEMORIA - MEDIA: 6.34805577718
7.77813894388 7.77813894388 7.77813894388 7.77813894388 7.781290939 7.78148793869 7.78148793869 7.78148793869 7.78050294022 7.86994080159 6.0579376102 5.91117283768 5.91255183554 5.91196083646 5.91333983432 5.91333983432 5.95746776592 5.99726170424 6.01282468012 6.04887562424 6.05064862149 6.05064862149 6.05064862149 6.05064862149 6.05064862149 6.05714961142 6.06384760104 6.06384760104 6.06384760104 6.06384760104 6.06483259951 6.06483259951 5.96869674852 6.07192458852 6.07192458852 6.07192458852 6.07192458852 6.07192458852 6.07192458852 6.07192458852 6.07192458852 6.11014252928 6.11014252928 6.11132452745 6.11132452745 6.11152152714 6.11152152714 6.11171852684 6.11171852684 6.11171852684 6.11171852684 6.11171852684 6.11171852684 6.11171852684 6.11171852684 6.11171852684 6.11171852684 6.11171852684 6.11171852684 6.11171852684 

UTILIZACAO DE IO READ - MEDIA: 0
0 0 0 0 0 0 0 0 0 0 0 0 0 0 0 0 0 0 0 0 0 0 0 0 0 0 0 0 0 0 0 0 0 0 0 0 0 0 0 0 0 0 0 0 0 0 0 0 0 0 0 0 0 0 0 0 0 0 0 0 

UTILIZACAO DE IO WRITE - MEDIA: 0
0 0 0 0 0 0 0 0 0 0 0 0 0 0 0 0 0 0 0 0 0 0 0 0 0 0 0 0 0 0 0 0 0 0 0 0 0 0 0 0 0 0 0 0 0 0 0 0 0 0 0 0 0 0 0 0 0 0 0 0 