400
800
391
672
825
1097
1111
1400
1455
1698
2067
2423
2750
2768
3010
3312
3334
3686
3955
4095
4428
4438
4567
4886
4958
5147
5397
5726
5808
5936
6208
6215
6552
6767
7054
7144
7230
7482
7812
7905
7952
8202
8250
8623
8890
9132
9358
9598
9743
9838
10218
10295
10399
10459
10854
11029
11278
11474
11530
11812
12087
12414
12654
12866
13007
13086
13339
13518
13848
14030
14301
14677
15061
15331
15631
15833
15944
16070
16112
16367
16539
16912
17243
17518
17550
17828
17830
18062
18087
18096
18162
18462
18749
19054
19117
19497
19880
20195
20353
20618
20666
21046
21286
21317
21566
21658
21891
22203
22372
22598
22764
23104
23302
23351
23517
23698
23976
24143
24156
24458
24585
24663
24816
24830
25164
25379
25772
26041
26170
26272
26405
26582
26663
26987
27146
27475
27490
27833
28073
28256
28424
28782
28904
29269
29627
29915
30061
30296
30302
30412
30500
30633
30772
31013
31159
31231
31286
31376
31716
31852
32043
32067
32331
32602
32950
32972
33123
33437
33802
34145
34242
34326
34578
34748
34749
34958
34967
35113
35508
35523
35730
35812
35911
36256
36530
36726
37094
37375
37660
37920
38288
38315
38598
38829
39078
39260
39464
39863
39959
40079
40372
40564
40768
40912
41225
41429
41781
42103
42404
42702
42990
43097
43477
43815
43866
44071
44156
44174
44211
44532
44761
44765
45112
45224
45458
45653
45946
45984
46129
46517
46674
46712
46843
47203
47336
47732
47847
47932
48201
48216
48598
48706
48827
49140
49537
49660
49730
49811
49904
50010
50011
50332
50442
50789
50821
51164
51257
51534
51866
52103
52319
52360
52586
52885
53237
53596
53842
53909
54304
54418
54499
54827
55000
55154
55395
55564
55840
56102
56351
56719
57086
57335
57624
57700
57847
58119
58490
58729
58829
59083
59110
59426
59720
59973
60139
60385
60548
60559
60871
61028
61104
61448
61532
61780
61877
62153
62169
62494
62631
62847
63091
63147
63211
63343
63426
63588
63944
63997
64397
64404
64663
65041
65315
65467
65649
65688
66037
66381
66382
66642
66742
66818
66974
67110
67433
67637
67648
67938
68066
68166
68271
68643
68798
68918
68973
69210
69491
69853
70095
70327
70696
70748
70910
71152
71355
71698
71931
72083
72370
72603
72966
73304
73613
73683
73756
73939
74213
74249
74274
74627
74714
74843
75119
75312
75513
75844
75873
75954
76198
76420
76685
76897
77170
77196
77202
77230
77598
77836
77967
78173
78243
78288
78432
78762
78877
79045
79110
79450
79605
79694
79986
80227
568
567
784
768
449
765
401
644
586
617
456
411
642
413
790
561
650
472
719
671
516
414
601
582
581
617
473
688
705
717
480
425
484
465
794
485
430
747
729
568
564
737
531
758
750
521
471
552
593
790
424
662
756
577
796
490
794
470
778
651
787
410
676
423
475
622
460
457
521
741
626
637
679
757
595
581
431
619
686
576
561
662
438
518
439
435
560
785
457
538
588
444
548
464
419
576
639
479
633
760
420
411
598
651
721
745
785
752
516
671
528
678
485
519
748
476
506
508
413
563
598
601
559
698
617
530
474
456
609
660
417
581
623
567
785
544
512
770
496
629
593
577
459
678
696
759
706
402
419
719
517
617
520
628
515
737
758
542
746
519
754
715
700
577
482
637
722
546
607
770
727
752
547
738
582
795
697
488
749
716
407
466
485
479
694
553
417
604
647
715
723
601
630
576
730
712
413
604
410
573
575
738
525
674
676
660
670
526
700
619
794
660
638
480
739
532
633
708
689
432
623
612
633
453
788
515
717
754
720
680
527
495
618
604
769
446
464
591
524
765
411
519
625
649
551
516
733
736
425
574
768
600
787
553
654
727
668
523
681
588
403
760
635
573
565
557
572
581
748
696
498
711
415
723
512
566
792
798
502
417
572
422
617
559
575
423
439
444
499
672
632
454
633
468
580
798
577
752
531
525
600
630
437
616
505
501
734
497
499
789
466
672
411
684
783
587
659
422
583
710
647
767
765
480
435
497
430
564
449
561
690
649
791
679
417
497
780
704
594
480
645
613
704
656
449
687
795
708
662
530
571
509
498
488
541
485
585
571
650
586
684
540
435
628
771
405
725
703
709
471
735
506
684
639
714
733
479
710
594
741
792
717
402
490
405
495
576
590
618
426
776
502
518
763
730
441
720
607
744
581
