150
300
65
95
211
316
403
429
496
517
544
570
710
800
873
998
1143
1233
1247
1348
1412
1536
1568
1606
1618
1722
1784
1875
1926
2038
2060
2195
2230
2316
2383
2533
2573
2628
2705
2812
2939
3042
3076
3192
3287
3393
3483
3624
3669
3674
3766
3776
3806
3831
3878
3919
3950
3960
4092
4173
4294
4349
4414
4471
4611
4644
4700
4781
4868
5001
5090
5153
5290
5412
5440
5521
5598
5617
5741
5764
5839
5904
5936
6040
6181
6311
6358
6379
6518
6598
6699
6711
6845
6913
6981
7006
7106
7132
7237
7326
7386
7430
7431
7477
7544
7625
7654
7798
7897
7899
7915
7991
8109
8209
8238
8248
8327
8454
8485
8605
8661
8694
8727
8766
8768
8770
8885
8889
8968
9090
9182
9320
9387
9479
9565
9698
9772
9788
9816
9891
9960
10056
10206
10294
10339
10419
10516
10541
10598
10627
10673
10785
263
227
202
264
281
218
267
209
189
260
249
255
254
184
238
177
251
265
251
169
210
152
256
156
232
254
233
190
283
278
151
246
258
255
262
239
174
282
200
213
242
299
221
196
235
211
276
186
228
279
257
289
282
265
197
266
220
280
156
203
161
209
201
269
217
163
260
241
295
160
206
290
212
179
186
297
240
214
236
169
194
245
210
228
211
257
246
281
290
154
236
151
213
287
270
280
202
282
273
198
292
232
188
256
261
276
156
202
243
294
221
189
239
183
169
150
290
265
183
182
171
171
183
234
158
205
267
263
187
292
213
232
224
251
188
238
279
194
192
274
188
165
163
180
198
182
232
240
199
266
