100
200
84
136
185
249
309
363
457
532
564
654
694
728
752
755
848
894
933
986
1015
1086
1119
1215
1250
1297
1357
1370
1399
1497
1521
1556
1557
1616
1655
1704
1778
1876
1879
1947
2019
2105
2114
2177
2196
2280
2346
2409
2490
2546
2614
2623
2701
2801
2806
2818
2864
2880
2956
2983
2996
3047
3108
3174
3183
3282
3296
3379
3428
3496
3498
3570
3623
3685
3720
3743
3840
3892
3930
4007
4014
4019
4104
4188
4244
4285
4332
4385
4442
4465
4544
4565
4638
4730
4816
4850
4892
4992
5060
5150
5169
5190
113
171
181
147
145
177
150
182
105
156
138
189
191
193
130
189
146
138
111
176
158
136
167
144
169
109
143
188
150
161
108
163
184
189
162
130
118
112
164
123
120
103
164
111
148
146
101
146
184
164
123
195
152
142
139
121
103
134
161
154
147
169
169
132
110
132
114
128
144
130
103
117
185
120
128
134
118
181
132
155
198
107
150
150
150
189
124
105
123
185
159
122
155
181
106
117
113
172
146
109
