200
400
29
82
243
258
376
423
531
689
735
793
803
1000
1139
1238
1302
1487
1675
1844
2017
2145
2326
2381
2481
2593
2691
2886
2983
3039
3089
3166
3241
3272
3353
3388
3433
3583
3664
3768
3875
4001
4162
4279
4353
4405
4420
4510
4698
4852
4910
5070
5152
5342
5509
5690
5743
5807
5982
6131
6203
6380
6557
6703
6710
6719
6899
6950
7108
7120
7275
7292
7429
7496
7629
7791
7909
8008
8059
8164
8216
8276
8293
8378
8379
8562
8579
8632
8830
8974
9128
9149
9269
9351
9517
9643
9686
9783
9911
10063
10171
10205
10373
10569
10622
10674
10832
11002
11152
11312
11339
11493
11665
11860
11898
12070
12247
12254
12431
12557
12707
12789
12936
13005
13120
13184
13330
13487
13648
13721
13830
13898
14005
14033
14097
14256
14336
14509
14589
14618
14750
14808
14942
15045
15097
15269
15296
15476
15654
15809
15915
16042
16078
16082
16229
16379
16446
16538
16597
16776
16940
17059
17106
17128
17274
17336
17468
17493
17527
17691
17697
17814
17835
17974
17994
18067
18129
18327
18331
18522
18674
18783
18852
18991
19055
19070
19110
19193
19251
19349
19410
19584
19752
19811
20006
20120
20240
20319
20409
20514
20556
20603
221
261
337
240
285
398
389
289
341
340
349
361
230
365
376
269
247
385
319
307
358
286
318
353
399
389
383
241
294
224
287
315
237
224
307
275
375
296
364
268
388
265
229
370
230
357
239
229
343
358
289
301
397
207
206
348
396
389
389
290
213
229
357
203
205
216
278
332
264
394
200
252
211
230
222
242
339
214
223
282
324
312
336
321
271
342
270
268
284
211
310
249
240
268
252
246
236
282
330
301
276
331
353
288
313
328
282
204
342
305
287
218
218
375
340
241
317
210
309
353
221
372
203
214
240
255
212
228
338
342
329
366
225
283
254
290
363
288
295
257
394
334
275
364
309
367
205
378
377
267
284
351
239
287
317
231
294
329
259
384
223
389
351
201
224
357
291
339
246
338
396
392
272
223
308
333
391
265
264
320
332
348
223
323
235
340
354
281
221
214
266
397
355
369
398
379
326
289
318
324
