300
600
242
393
685
867
894
934
975
1272
1364
1548
1726
1993
2123
2249
2425
2718
2725
2997
3238
3471
3642
3655
3733
3860
3870
3914
4196
4335
4468
4600
4840
4915
5197
5481
5489
5550
5573
5621
5730
5896
6127
6413
6546
6658
6769
6829
6934
7051
7082
7127
7176
7429
7538
7716
7847
7965
8186
8299
8308
8414
8658
8958
9190
9468
9751
9990
10028
10086
10372
10518
10741
11009
11140
11247
11379
11672
11838
12074
12184
12432
12464
12622
12822
12962
13050
13133
13142
13202
13397
13466
13631
13821
13890
13986
14205
14308
14394
14402
14562
14633
14838
14921
15012
15099
15288
15510
15590
15697
15906
16095
16149
16441
16539
16545
16676
16861
16949
17140
17385
17419
17431
17540
17815
17895
18152
18346
18580
18622
18823
18917
19082
19240
19468
19723
19967
20135
20363
20386
20660
20796
21059
21139
21266
21327
21464
21473
21718
21994
22245
22486
22495
22757
22859
22894
22987
23045
23273
23300
23451
23632
23804
23819
23857
23956
23977
24258
24524
24772
24828
25120
25255
25325
25448
25461
25591
25850
25871
25998
26284
26308
26375
26421
26458
26626
26706
26888
27165
27173
27381
27509
27749
27828
27970
28247
28476
28639
28648
28894
29056
29172
29409
29706
29892
30003
30012
30079
30148
30230
30423
30529
30686
30698
30849
31042
31273
31504
31578
31786
32076
32109
32196
32425
32588
32816
33073
33164
33306
33323
33360
33364
33497
33522
33574
33644
33780
33840
33976
34232
34425
34454
34516
34565
34605
34869
35163
35185
35379
35498
35727
35962
36166
36181
36396
36462
36757
36928
37137
37325
37513
37810
38053
38125
38198
38492
38633
38841
38947
39223
39439
39489
39493
39522
39621
39716
40008
40152
40269
40507
40769
40866
41090
41255
41419
41558
41841
41999
42008
42199
42296
42544
42783
42823
42842
42853
42886
43045
43316
43506
43641
43827
539
489
565
389
336
556
532
504
545
545
300
469
462
515
359
444
424
367
386
521
315
324
560
333
386
344
544
356
534
378
541
525
567
506
366
355
515
350
559
512
595
560
433
509
527
492
405
352
312
491
573
327
567
533
412
354
329
356
410
315
486
404
540
506
362
306
561
577
408
521
490
404
533
375
365
460
568
471
512
580
414
537
359
434
522
523
540
552
580
402
567
518
506
560
424
569
318
386
598
427
359
540
583
592
316
348
504
584
571
417
316
438
406
375
572
329
598
512
581
330
314
548
549
573
560
425
594
579
563
592
406
322
533
441
366
301
489
571
585
513
440
353
351
546
428
323
575
478
587
308
509
353
309
510
326
569
387
320
548
351
365
406
425
350
547
492
351
489
463
388
402
355
441
453
301
569
528
329
447
515
337
408
320
346
318
399
316
406
471
316
509
536
423
334
586
422
526
389
311
441
477
413
496
318
318
498
339
598
579
539
565
316
347
586
363
418
385
431
576
556
447
485
545
322
519
531
497
498
321
508
339
550
374
588
569
444
538
360
443
517
599
408
533
399
394
348
517
531
531
493
488
379
430
485
453
401
416
350
599
489
311
391
440
437
379
461
581
317
573
424
534
573
585
519
372
431
320
341
363
551
586
303
382
416
488
588
517
356
338
569
598
401
412
490
538
491
351
520
560
376
